"x","p(lever->press)"
0,0.26894142136999494
1,0.28403041492083636
2,0.299074872253643
3,0.3166230277904146
4,0.3351619572175185
5,0.3607507942481006
6,0.3789341664172945
7,0.40106259682230244
8,0.41653819589836105
9,0.44495280895810574
10,0.4694771613972405
11,0.49815297575682704
12,0.5266960316095561
13,0.5531549958927939
14,0.5787441746232651
15,0.598633932488488
16,0.6209407733130888
17,0.6380550265721504
18,0.6623260225233517
19,0.6826721292579273
20,0.7012218159366823
21,0.7165168821554074
22,0.7309307971823935
23,0.7456956217609105
24,0.759736187496006
25,0.7724821073761364
26,0.7832172628965353
27,0.7923539689400297
28,0.799868080297956
29,0.8079010580704745
30,0.8154203839874569
31,0.8212056960602897
32,0.8266905941374785
33,0.8312066232909048
34,0.8357388404580406
35,0.839858437974201
36,0.8435795293682545
37,0.8468950845812482
38,0.8502233414392445
39,0.8529454815718619
40,0.8555675784795926
41,0.8579072044616722
42,0.8599736667622169
43,0.8620696028431521
44,0.8637794635425763
45,0.8654270940286248
46,0.8669734641687283
47,0.8680774927035693
48,0.8692646066722718
49,0.8702633142638306
50,0.8712901539783549
51,0.8721998934431394
52,0.8729699710742874
53,0.8736622077735494
54,0.8743548315498099
55,0.8749537971782138
56,0.8754860686353675
57,0.8759405297190545
58,0.8763583656626684
59,0.8767460273727103
